9655  0.001
9926  0.0
96054  0.0
1233  0.001
9586  0.001
591  0.001
9758  0.0
9592  0.001
9937  0.001
9895  0.001
9799  0.001
9774  0.0
9914  0.0
9679  0.001
9667  0.001
9634  0.001
9591  0.0
9588  0.001
10153  0.001
9547  0.001
9704  0.001
9353  0.001
9858  0.0
9548  0.0
9671  0.0
9608  0.001
1935  0.001
9593  0.0
99715  0.001
9449  0.0
9906  0.001
10097  0.001
9716  0.001
9777  0.001
9777  0.0
10232  0.001
9611  0.0
9792  0.0
9857  0.0
9341  0.001
9544  0.001
9745  0.001
9596  0.001
9635  0.001
1127  0.001
9617  0.0
1004177  0.001
9650  0.001
90075  0.001
9389  0.001
