20517  0.001
20526  0.001
19872  0.001
80750  0.001
20299  0.001
20075  0.001
19708  0.001
19873  0.001
20128  0.001
20024  0.001
19997  0.001
20070  0.001
18970  0.001
19930  0.001
19604  0.001
19769  0.001
20024  0.001
20167  0.001
20050  0.001
19829  0.001
19687  0.001
20275  0.001
19833  0.001
21070  0.001
20401  0.001
20080  0.001
20045  0.001
20634  0.001
19788  0.001
20299  0.001
19932  0.001
19980  0.001
20298  0.001
19922  0.001
20166  0.001
20135  0.001
20011  0.001
20799  0.001
29259  0.001
19742  0.001
19696  0.001
20217  0.001
9980  0.001
18706  0.001
20224  0.001
20032  0.001
20308  0.001
20380  0.001
80652  0.001
20040  0.001
