157672  0.001
38938  0.001
41184  0.001
38722  0.001
38929  0.001
1923637  0.001
994543  0.001
37691  0.001
7638  0.001
38819  0.001
22117  0.001
39215  0.001
35775  0.001
38819  0.001
38765  0.001
388143  0.001
37573  0.001
37422  0.001
38416  0.001
323167  0.001
36759  0.001
6121  0.001
39088  0.001
38531  0.001
39588  0.001
31755  0.001
39309  0.001
1904637  0.001
33051  0.001
402934  0.001
38963  0.001
38896  0.001
38791  0.001
33319  0.001
50529  0.001
56951  0.001
39039  0.001
36900  0.001
39080  0.001
38962  0.001
31806  0.001
38905  0.001
1863179  0.001
39888  0.001
38929  0.001
38616  0.001
38552  0.001
39814  0.001
48198  0.001
165795  0.001
