34794  0.001
29214  0.001
29960  0.001
28693  0.001
29293  0.001
29278  0.001
28969  0.001
28497  0.001
28925  0.001
29248  0.001
29443  0.001
29084  0.001
29472  0.001
29185  0.001
392668  0.001
28686  0.001
29248  0.001
27909  0.001
12647  0.001
29255  0.001
31313  0.001
28746  0.001
38085  0.001
1913771  0.001
20815  0.001
208476  0.001
28925  0.001
29207  0.001
29096  0.001
29348  0.001
29063  0.001
29207  0.001
28953  0.001
29348  0.001
20248  0.001
29039  0.001
984677  0.001
13772  0.001
20847  0.001
29248  0.001
29831  0.001
29551  0.001
29291  0.001
28985  0.001
29207  0.001
28856  0.001
29222  0.001
29491  0.001
21940  0.001
28417  0.001
