350  0.001
68  0.001
119  0.001
458  0.001
322  0.001
489  0.001
382  0.001
4  0.001
21  0.001
157  0.001
468  0.001
297  0.002
285  0.003
281  0.001
414  0.001
127  0.001
25  0.002
92  0.001
206  0.001
85  0.001
204  0.001
97  0.001
159  0.001
297  0.001
81  0.002
188  0.001
236  0.0
181  0.001
385  0.001
29  0.001
384  0.001
70  0.001
271  0.001
209  0.001
467  0.001
446  0.001
381  0.001
153  0.001
206  0.001
195  0.001
284  0.0
141  0.001
116  0.001
5  0.001
308  0.001
63  0.001
135  0.001
339  0.001
73  0.001
327  0.001
